0.95 0.0125
0.9 0.0243431872800394
0.85 0.0354953596103357
0.8 0.0459182914996843
0.75 0.0555689720674437
0.7 0.0643986370894562
0.65 0.0723515207454051
0.6 0.0793632177844678
0.55 0.0853584914618236
0.5 0.0902482715600791
0.45 0.0939254312201066
0.4 0.0962586530909398
0.35 0.097083170321537
0.3 0.0961861105575436
0.25 0.0932818623732932
0.2 0.0879672950470983
0.15 0.0796311484755278
0.0999999999999997 0.0672396602059047
0.0499999999999997 0.0486828082616519
-3.19189119579733e-16 0.0174463746596546
